
442368
cn.neocross.shakecracker  
'android.permission.ACCESS_NETWORK_STATE',          38
'android.permission.INTERNET',                      39
'android.permission.READ_EXTERNAL_STORAGE',         62
'android.permission.READ_LOGS',                     82
'android.permission.READ_PHONE_STATE',              93
'android.permission.RESTART_PACKAGES',              94
'android.permission.SYSTEM_ALERT_WINDOW',           109
'android.permission.VIBRATE',                       111
'android.permission.WRITE_EXTERNAL_STORAGE'         153


良性推荐                                          恶性推荐
{"id": 442368, "permissions":                   [{"id": 442368, "permissions": [
[11, 0.006295459012657829],                     [31, 0.10649352606780316],
[31, 0.03228836646982789],                      [32, 0.2653211092140597],
[32, 0.031791493896452805],                     [34, 0.05406736104889174],
[38, 0.9412520207630107],                       [38, 0.9999991626550867],
[39, 0.6848615975016914],                       [39, 0.8934219020959581],
[40, 0.32499432928517913],                      [40, 0.6327480571504651],
[56, 0.05051711804304024],                      [41, 0.0532802568304318],
[62, 0.19549743677426992],                      [56, 0.2604226414715165],
[64, 0.1629094853704952],                       [58, 0.05025744169358033],
[77, 0.013096141398243265],                     [62, 0.26265835238990803],
[78, 0.026009609056275102],                     [64, 0.4798405025409232],
[82, 0.5388687443247184],                       [78, 0.0532802568304318],
[85, 0.006352870759581422],                     [82, 0.736587199843249],
[93, 0.5266744892781475],                       [93, 0.7884523437702795],
[94, 0.5266744892781475],                       [94, 0.7884523437702795],
[97, 0.058367913472355364],                     [98, 0.1554112159001751],
[98, 0.006265187364279935],                     [133, 0.10734761787932354]]}
[111, 0.01253037472855987],
[117, 0.04591165208982413],
[118, 0.006699428941011102],
[133, 0.025957416559071838],
[134, 0.026933416256772896],
[135, 0.006265187364279935],
[146, 0.006265187364279935],
[153, 0.006514667500911543]]}



442368
cn.neocross.shakecracker    11 0.4712565445026186   90 0.3665445026178017   39 0.15712041884816783

434900 app.game.g2048       11 0.7600426985482467   90 0.13664389410759986  84 0.10248505550811235




良性相似度                                        恶性相似度
{"id": 442368, "rank_list":                     [{"id": 442368, "rank_list": [
[434900, 0.7065],                               [428090, 0.6528],
[433687, 0.6686],                               [428209, 0.6525],
[433055, 0.6651],                               [428330, 0.6457],
[434288, 0.6649],                               [428066, 0.644],
[438713, 0.6642],                               [428280, 0.638],
[436087, 0.6639],                               [428140, 0.6365],
[434905, 0.6633],                               [428183, 0.6363],
[440861, 0.6628],                               [428439, 0.6353],
[433347, 0.6625],                               [428385, 0.6348],
[432914, 0.6617],                               [428317, 0.63],
[440811, 0.6597],                               [428055, 0.6288],
[439776, 0.6595],                               [428132, 0.6279],
[440412, 0.6563],                               [428179, 0.6236],
[440531, 0.6562],                               [428264, 0.6193],
[432304, 0.6552],                               [428319, 0.6165],
[433607, 0.6543],                               [428124, 0.6115],
[432443, 0.6543],                               [428152, 0.6086],
[437746, 0.6529],                               [428356, 0.6002],
[438042, 0.6525],                               [428108, 0.6002]]}
[434261, 0.6523],
[435674, 0.6507],
[440924, 0.6478],
[439687, 0.6474],
[434242, 0.6457],
[432594, 0.6457],
[435995, 0.6453],
[442036, 0.6449],
[432253, 0.6449],
[432094, 0.6449],
[437549, 0.6447],
[440456, 0.6445],
[440432, 0.6445],
[440391, 0.6442],
[433349, 0.6442],
[434658, 0.644],
[433484, 0.6434],
[435161, 0.6433],
[440890, 0.6432],
[437216, 0.643],
[434558, 0.6429],
[437001, 0.6426],
[441758, 0.6418],
[441209, 0.6418],
[438510, 0.6418],
[434376, 0.6418],
[433638, 0.6418],
[438106, 0.6408],
[440578, 0.6407],
[432881, 0.6402],
[433098, 0.6396],
[437749, 0.6391],
[439996, 0.6385],
[437933, 0.6383],
[441984, 0.638],
[437194, 0.638],
[435110, 0.6379],
[440431, 0.6369],
[438219, 0.6369],
[433048, 0.6369],
[434435, 0.6363],
[433044, 0.6363],
[434635, 0.6353],
[432798, 0.6353],
[440495, 0.6346],
[437711, 0.6337],
[434014, 0.6337],
[433333, 0.6333],
[432940, 0.6327],
[434702, 0.6318],
[435530, 0.6307],
[442256, 0.63],
[434085, 0.63],
[433816, 0.63],
[432119, 0.63],
[440503, 0.6295],
[432310, 0.6288],
[439565, 0.6286],
[433658, 0.6275],
[433677, 0.6272],
[433964, 0.6258],
[433158, 0.6258],
[433066, 0.6242],
[439606, 0.6241],
[436232, 0.6239],
[438624, 0.6236],
[434369, 0.6229],
[440916, 0.6218],
[432865, 0.6218],
[432561, 0.6193],
[441207, 0.6189],
[435146, 0.6189],
[431825, 0.6189],
[438963, 0.6168],
[435540, 0.6165],
[438113, 0.6157],
[432092, 0.6139],
[433377, 0.6115],
[442245, 0.6113],
[432437, 0.6113],
[442051, 0.6086],
[441299, 0.6086],
[441265, 0.6086],
[437979, 0.6086],
[437975, 0.6086],
[439380, 0.6031],
[438741, 0.6031],
[438159, 0.6031],
[437260, 0.6031],
[437173, 0.6031],
[437098, 0.6031],
[435782, 0.6031],
[435631, 0.6031],
[435185, 0.6031],
[435135, 0.6031],
[433972, 0.6031],
[432707, 0.6031],
[439831, 0.6003],
[442274, 0.6002],
[442268, 0.6002],
[441753, 0.6002],
[441442, 0.6002],
[441141, 0.6002],
[440871, 0.6002],
[440563, 0.6002],
[440420, 0.6002],
[440335, 0.6002],
[439984, 0.6002],
[439955, 0.6002],
[439709, 0.6002],
[439517, 0.6002],
[438180, 0.6002],
[436739, 0.6002],
[436212, 0.6002],
[434974, 0.6002],
[434228, 0.6002],
[434169, 0.6002],
[433943, 0.6002],
[433433, 0.6002],
[433425, 0.6002],
[433417, 0.6002],
[433201, 0.6002],
[433155, 0.6002],
[433047, 0.6002],
[432975, 0.6002],
[432968, 0.6002],
[432844, 0.6002],
[432823, 0.6002],
[432759, 0.6002],
[432563, 0.6002],
[432480, 0.6002],
[432177, 0.6002],
[431853, 0.6002],
[431850, 0.6002],
[442271, 0.599],
[435306, 0.5974]]}










