
良性推荐                            良性过滤推荐                                    恶性推荐                              恶性推荐过滤
{"id": 434176, "permissions":   [{"id":434176,"permissions":                    [{"id": 434176, "permissions":      [{"id":434176,"permissions":[
[0, 0.05395663917552573],       [64,0.20504306363738825],                       [19, 0.5281848678745141],           [32,0.47180879060948316],
[2, 0.03916851006349546],       [32,0.3825486899818749],                        [31, 0.5281848678745141],           [82,0.9999936584839972],
[7, 0.01192665728987101],       [38,0.9769335456556107],                        [32, 0.47180879060948316],          [38,0.9999936584839972],
[8, 0.01192665728987101],       [39,0.6441712602459653],                        [38, 0.9999936584839972],           [39,0.9999936584839972],
[11, 0.026714786401901277],     [40,0.3341547377835896],                        [39, 0.9999936584839972],           [40,0.9999936584839972],
[12, 0.05572480440228624],      [11,0.026714786401901277],                      [40, 0.9999936584839972],           [93,0.9999936584839972],
[14, 0.01192665728987101],      [12,0.05572480440228624],                       [41, 0.5281848678745141],           [78,0.5281848678745141],
[15, 0.01192665728987101],      [77,0.013361844775036139],                      [46, 0.5281848678745141],           [62,0.5281848678745141],
[31, 0.42618658042721214],      [78,0.08237192687808792],                       [62, 0.5281848678745141],           [94,0.9999936584839972],
[32, 0.3825486899818749],       [82,0.6151559003566778],                        [66, 0.5281848678745141],           [31,0.5281848678745141]]}
[33, 0.10779219553592585],      [56,0.2712967310666986],                        [78, 0.5281848678745141],
[34, 0.2378654096845953],       [58,0.02920232600087856],                       [82, 0.9999936584839972],
[38, 0.9769335456556107],       [59,0.02920232600087856],                       [93, 0.9999936584839972],
[39, 0.6441712602459653],       [93,0.6097944245281017],                        [94, 0.9999936584839972],
[40, 0.3341547377835896],       [94,0.6097944245281017],                        [98, 0.47180879060948316],
[41, 0.011600802066812426],     [62,0.1640316019024959],                        [109, 0.47180879060948316],
[46, 0.026120056104078505],     [31,0.42618658042721214]]}                      [111, 0.47180879060948316],
[47, 0.011600802066812426],                                                     [117, 0.47180879060948316],
[51, 0.014519254037266081],                                                     [135, 0.47180879060948316],
[56, 0.2712967310666986],                                                       [145, 0.5281848678745141],
[58, 0.02920232600087856],                                                      [153, 0.9999936584839972]]}
[59, 0.02920232600087856],
[60, 0.02920232600087856],
[62, 0.1640316019024959],
[64, 0.20504306363738825],
[77, 0.013361844775036139],
[78, 0.08237192687808792],
[82, 0.6151559003566778],
[85, 0.1813713732803346],
[93, 0.6097944245281017],
[94, 0.6097944245281017],
[117, 0.04379814711241523],
[125, 0.026714786401901277],
[133, 0.08259806684163132],
[134, 0.02934833763088295],
[229, 0.014519254037266081]]}
























































